0 1 3
0 2 3
0 3 1
0 4 3
0 5 2
0 7 2
0 9 2
0 10 2
0 11 3
0 59 3
0 60 3
0 61 2
0 62 1
0 63 2
0 69 2
0 72 1
0 84 1
1 2 3
1 3 1
1 4 3
1 5 3
1 6 1
1 7 1
1 9 2
1 10 2
1 11 2
1 13 1
1 36 1
1 59 3
1 60 3
1 61 2
1 62 2
1 63 2
1 69 2
1 72 1
1 82 1
1 83 1
1 84 1
1 85 1
2 3 2
2 4 3
2 5 2
2 6 1
2 7 2
2 8 2
2 9 3
2 10 1
2 11 3
2 12 1
2 13 2
2 21 1
2 31 1
2 34 1
2 35 1
2 36 2
2 60 2
2 61 2
2 62 2
2 63 2
2 69 2
2 70 2
2 72 2
2 83 1
2 84 1
2 85 1
3 4 1
3 5 1
3 6 2
3 7 1
3 8 3
3 11 2
3 13 1
3 14 3
3 15 3
3 21 1
3 31 1
3 32 1
3 36 1
3 41 1
3 42 1
3 43 2
3 47 1
3 58 1
3 61 2
3 62 1
3 63 1
3 64 2
3 66 1
3 67 2
3 69 1
3 70 3
3 71 2
3 72 1
3 77 2
3 82 1
3 83 1
3 84 1
3 85 1
4 5 2
4 7 3
4 9 1
4 10 1
4 11 3
4 14 1
4 31 1
4 36 2
4 42 1
4 43 1
4 47 1
4 59 1
4 61 2
4 62 2
4 63 2
4 66 1
4 69 3
4 70 2
4 71 1
4 72 2
4 77 1
4 82 1
4 83 1
4 84 1
4 85 1
5 6 1
5 9 2
5 12 1
5 13 2
5 14 1
5 29 1
5 30 1
5 32 1
5 33 1
5 34 2
5 35 1
5 36 2
5 37 1
5 44 1
5 45 1
5 58 1
5 61 1
5 62 2
5 63 2
5 66 1
5 67 1
5 68 2
5 69 3
5 70 2
5 71 1
5 72 2
5 77 1
5 82 1
5 83 1
5 84 2
5 85 1
5 86 1
6 7 1
6 8 2
6 13 1
6 14 2
6 21 1
6 32 1
6 36 2
6 41 1
6 43 2
6 45 1
6 58 1
6 65 1
6 66 2
6 67 2
6 70 2
6 71 2
6 82 1
6 83 1
6 84 1
6 85 1
6 86 1
7 8 2
7 11 2
7 14 1
7 21 1
7 61 2
7 69 2
7 70 2
7 83 1
7 84 1
7 85 1
8 10 1
8 14 2
8 21 2
8 42 2
8 43 2
8 61 2
8 66 1
8 69 1
8 70 2
8 83 1
8 84 1
8 85 1
9 10 2
9 11 2
9 13 2
9 21 1
9 34 1
9 36 2
9 45 1
9 47 2
9 48 1
9 61 2
9 62 2
9 63 2
9 69 2
9 70 2
9 72 2
9 77 1
9 83 1
9 84 1
10 11 2
10 13 2
10 21 1
10 34 1
10 36 2
10 47 2
10 48 1
10 63 1
10 68 2
10 69 2
10 70 2
10 72 2
10 77 1
10 83 1
10 84 1
11 12 3
11 13 2
11 21 2
11 32 1
11 34 1
11 41 1
11 42 1
11 43 1
11 45 1
11 46 2
11 47 2
11 48 1
11 61 2
11 69 2
11 70 2
11 72 2
11 77 1
11 82 1
11 83 1
11 84 1
11 85 1
12 13 2
12 14 1
12 15 2
12 21 2
12 32 1
12 34 1
12 41 1
12 42 1
12 43 1
12 44 1
12 45 2
12 46 2
12 47 2
12 48 1
12 61 1
12 63 1
12 69 2
12 70 2
12 72 2
12 77 1
12 82 1
12 83 1
12 84 2
12 85 1
13 21 2
13 29 1
13 31 2
13 32 3
13 33 1
13 34 2
13 35 2
13 36 3
13 37 2
13 38 2
13 41 1
13 42 1
13 43 1
13 44 1
13 45 3
13 46 2
13 47 1
13 61 2
13 68 2
13 69 2
13 70 1
13 72 2
13 73 3
13 77 2
13 79 1
13 82 1
13 83 1
13 84 2
13 85 1
13 86 1
14 15 2
14 21 1
14 23 1
14 24 1
14 28 2
14 29 2
14 30 1
14 31 2
14 32 2
14 33 2
14 34 2
14 35 2
14 37 1
14 38 2
14 41 2
14 42 1
14 43 2
14 45 1
14 47 1
14 48 1
14 57 1
14 58 2
14 64 2
14 65 2
14 66 3
14 67 3
14 69 1
14 70 2
14 71 3
14 76 1
14 77 1
14 79 2
14 81 1
14 82 1
14 83 1
14 84 1
14 85 1
14 86 1
14 87 1
15 41 1
15 43 2
15 44 1
15 45 1
15 47 1
15 48 2
15 61 2
15 70 2
16 17 2
16 18 3
16 19 2
16 20 2
16 21 1
16 22 1
16 40 1
16 47 1
16 53 3
16 54 2
16 57 1
16 58 3
16 64 1
16 65 2
16 66 1
17 18 2
17 19 2
17 21 2
17 22 1
17 41 1
17 42 2
17 43 2
17 47 2
17 48 1
17 54 3
17 55 3
17 56 3
17 57 3
17 58 2
17 64 1
17 65 1
17 66 2
17 71 2
17 73 2
17 74 2
17 79 2
17 81 1
17 82 1
17 86 1
17 87 1
18 19 2
18 20 1
18 21 1
18 48 2
18 53 2
18 54 2
18 57 1
18 58 2
18 64 2
18 65 2
18 66 2
18 79 2
18 82 1
18 86 1
19 20 2
19 21 2
19 22 1
19 45 2
19 46 2
19 47 2
19 53 3
19 54 2
19 55 2
19 57 2
19 58 2
19 65 2
19 66 1
19 82 1
20 21 2
20 22 2
20 45 1
20 48 1
20 53 2
20 54 2
20 55 2
20 57 2
20 58 2
20 65 2
20 66 1
20 82 1
21 32 2
21 40 1
21 41 1
21 42 2
21 43 2
21 44 1
21 45 2
21 47 2
21 48 1
21 53 1
21 54 2
21 55 2
21 57 2
21 58 3
21 64 1
21 65 2
21 66 2
21 69 1
21 70 1
21 71 2
21 81 1
21 83 1
21 84 1
22 40 1
22 41 1
22 42 2
22 43 2
22 47 1
22 48 3
22 54 2
22 55 2
22 56 1
22 57 3
22 58 2
22 66 2
22 71 1
22 79 1
23 24 3
23 25 3
23 26 3
23 27 3
23 29 3
23 30 2
23 31 2
23 33 3
23 34 3
23 37 2
23 38 1
23 64 1
23 74 2
23 75 3
23 76 3
23 77 2
23 82 1
23 83 1
23 84 1
23 86 1
24 25 3
24 26 3
24 27 3
24 29 2
24 30 2
24 31 2
24 33 2
24 34 3
24 35 1
24 36 1
24 37 1
24 38 1
24 64 1
24 74 2
24 75 3
24 76 3
24 77 2
24 81 1
24 82 1
24 83 1
24 84 1
24 86 1
25 26 3
25 27 3
25 29 2
25 30 1
25 31 2
25 32 1
25 33 3
25 34 1
25 35 2
25 37 2
25 38 1
25 64 1
25 75 3
25 76 3
25 77 2
25 79 2
25 82 1
25 83 1
25 84 1
25 86 1
26 27 3
26 29 2
26 30 1
26 31 2
26 32 1
26 33 2
26 34 2
26 36 2
26 37 1
26 38 2
26 42 1
26 43 1
26 58 1
26 64 1
26 65 1
26 74 2
26 75 3
26 76 3
26 77 2
26 82 1
26 83 1
26 84 1
26 86 1
27 28 1
27 29 3
27 30 3
27 31 2
27 32 1
27 33 2
27 34 1
27 35 2
27 37 3
27 42 1
27 43 1
27 47 1
27 48 1
27 58 2
27 64 1
27 65 2
27 70 1
27 71 1
27 73 1
27 74 1
27 75 3
27 76 3
27 77 1
27 79 1
27 81 1
27 82 1
27 83 1
27 84 1
27 85 1
27 86 1
28 29 1
28 30 1
28 31 2
28 32 2
28 33 2
28 34 2
28 35 2
28 37 2
28 38 1
28 41 1
28 42 2
28 43 2
28 44 1
28 45 1
28 47 1
28 48 2
28 58 2
28 64 3
28 65 2
28 66 2
28 67 3
28 70 1
28 71 1
28 73 1
28 74 1
28 75 1
28 76 1
28 77 2
28 79 2
28 81 1
28 82 1
28 83 1
28 84 1
28 86 1
29 30 2
29 31 2
29 32 2
29 33 3
29 34 3
29 35 3
29 36 2
29 37 2
29 38 2
29 44 1
29 45 1
29 74 1
29 75 1
29 76 1
29 77 3
29 79 3
29 82 2
29 83 1
29 84 1
29 85 1
29 86 1
29 87 1
30 31 2
30 33 2
30 34 1
30 35 2
30 36 1
30 37 1
30 38 1
30 44 1
30 45 1
30 47 1
30 48 1
30 51 1
30 65 2
30 68 1
30 74 2
30 75 1
30 76 1
30 77 3
30 79 3
30 82 1
30 83 1
30 84 1
30 85 1
30 86 1
30 87 1
31 32 3
31 34 2
31 35 1
31 36 2
31 37 1
31 38 1
31 39 1
31 40 2
31 41 2
31 44 2
31 45 2
31 66 1
31 71 2
31 77 2
31 78 2
31 79 2
31 80 1
31 81 2
31 82 2
31 83 1
31 84 1
31 85 1
31 86 1
31 87 1
32 33 1
32 34 1
32 35 1
32 36 2
32 38 2
32 39 1
32 40 2
32 41 2
32 42 2
32 43 2
32 44 2
32 45 3
32 47 1
32 48 1
32 51 1
32 68 1
32 71 2
32 77 3
32 79 3
32 80 1
32 81 2
32 82 2
32 83 2
32 84 2
32 85 1
32 86 1
32 87 1
32 91 1
32 92 1
32 93 1
32 94 1
33 34 1
33 35 3
33 37 2
33 38 2
33 42 1
33 44 1
33 45 1
33 64 3
33 65 2
33 68 1
33 73 1
33 74 1
33 75 2
33 77 3
33 79 1
33 82 1
33 83 1
33 84 1
33 85 1
34 35 1
34 36 2
34 38 2
34 41 1
34 42 1
34 44 1
34 45 1
34 58 1
34 64 3
34 66 1
34 68 1
34 73 1
34 74 2
34 76 1
34 77 3
34 79 1
34 82 1
34 83 1
34 84 1
34 86 1
35 36 2
35 37 2
35 38 2
35 42 1
35 44 1
35 45 1
35 64 2
35 69 2
35 71 1
35 72 1
35 73 2
35 74 3
35 77 2
35 80 1
35 83 1
35 84 1
35 85 1
36 37 1
36 38 2
36 41 1
36 42 1
36 44 1
36 45 1
36 64 2
36 68 2
36 69 2
36 71 1
36 72 2
36 73 2
36 74 2
36 77 2
36 82 1
36 83 1
36 84 1
36 85 1
36 86 1
37 38 1
37 42 1
37 45 1
37 64 1
37 65 2
37 66 1
37 72 2
37 75 2
37 76 2
37 84 1
38 42 1
38 45 1
38 64 1
38 65 2
38 66 1
38 72 2
38 75 2
38 76 2
38 84 1
39 40 3
39 42 2
39 44 3
39 45 2
39 47 2
39 48 1
39 50 2
39 51 2
39 71 2
39 73 1
39 77 2
39 78 2
39 79 3
39 80 1
39 81 3
39 82 1
39 83 2
39 86 1
39 87 1
39 88 2
39 89 2
39 90 1
39 91 2
39 92 1
39 93 2
39 94 1
40 41 2
40 42 2
40 43 2
40 44 2
40 45 2
40 46 1
40 51 1
40 71 2
40 73 1
40 77 2
40 78 1
40 79 3
40 80 1
40 81 3
40 82 1
40 83 2
40 86 1
40 87 1
40 88 2
40 89 1
40 90 1
40 91 1
40 93 2
41 42 2
41 43 2
41 44 3
41 45 3
41 46 1
41 68 1
41 71 1
41 73 1
41 77 2
41 78 2
41 79 3
41 80 2
41 81 3
41 82 2
41 83 2
41 86 1
41 87 1
41 88 2
42 44 2
42 45 1
42 47 3
42 48 1
42 51 1
42 54 2
42 55 1
42 57 2
42 58 1
42 64 1
42 66 2
42 71 2
42 77 1
42 78 2
42 79 3
42 81 3
42 82 2
42 85 1
42 86 2
42 87 1
42 88 2
42 91 2
43 44 2
43 45 1
43 47 2
43 48 3
43 51 1
43 54 2
43 55 2
43 57 1
43 58 1
43 64 1
43 65 2
43 66 2
43 67 2
43 70 2
43 71 3
43 72 1
43 73 1
43 74 1
43 76 1
43 77 2
43 78 1
43 79 3
43 80 1
43 81 2
43 82 1
43 83 1
43 84 1
43 85 1
43 86 2
43 87 1
43 88 1
43 91 1
44 45 2
44 46 2
44 65 1
44 68 1
44 72 1
44 77 1
44 79 1
44 80 1
44 81 1
44 82 1
44 83 1
44 84 1
44 86 1
44 87 1
44 88 1
44 89 1
44 90 1
44 91 2
44 92 1
44 93 3
44 94 2
45 46 2
45 47 1
45 48 1
45 49 1
45 51 1
45 65 1
45 66 2
45 68 2
45 69 2
45 71 2
45 72 1
45 77 1
45 79 1
45 80 1
45 81 1
45 82 1
45 83 2
45 84 1
45 86 1
45 91 1
45 92 2
45 93 3
45 94 2
46 47 2
46 48 1
46 51 2
46 68 3
46 72 1
46 77 1
46 78 1
46 79 1
46 80 1
46 82 1
46 83 1
46 84 1
46 86 1
46 87 1
46 91 2
46 92 3
46 93 3
46 94 3
47 48 3
47 49 2
47 50 2
47 51 3
47 52 2
47 55 1
47 57 2
47 58 2
47 64 2
47 66 2
47 67 3
47 68 1
47 70 1
47 71 2
47 72 1
47 78 2
47 79 1
47 81 1
47 82 1
47 83 1
47 84 1
47 86 1
47 87 2
47 88 1
47 89 2
47 90 2
47 91 2
48 49 2
48 51 2
48 55 1
48 57 2
48 58 2
48 64 2
48 66 2
48 67 3
48 68 1
48 70 1
48 71 2
48 72 1
48 79 1
48 81 1
48 82 1
48 83 1
48 84 1
48 86 1
48 87 2
48 88 1
48 89 2
48 90 2
48 91 2
49 51 3
49 68 3
49 72 1
49 77 1
49 80 1
49 82 1
49 83 1
49 84 2
49 85 2
49 87 2
49 89 1
49 90 1
49 91 2
49 92 2
49 93 1
49 94 2
50 51 2
50 89 2
50 90 2
50 91 3
50 92 1
50 93 2
51 52 3
51 68 1
51 78 1
51 79 1
51 81 1
51 83 1
51 85 1
51 87 2
51 89 2
51 90 2
51 91 3
51 92 2
51 93 2
51 94 3
52 91 3
