0 1 1
0 2 1
0 4 1
0 5 1
0 7 1
0 8 1
0 22 1
0 23 1
1 2 1
1 3 1
1 4 1
1 5 1
1 6 1
1 8 1
1 9 1
1 10 1
2 3 1
2 4 1
2 5 1
2 7 1
2 8 1
2 9 1
2 11 1
2 20 1
2 23 1
2 24 1
2 25 1
3 4 1
3 5 1
3 6 1
3 8 1
3 9 1
3 20 1
3 23 1
3 24 1
4 5 1
4 8 1
4 9 1
4 10 1
4 11 1
4 24 1
4 26 1
5 6 1
5 7 1
5 8 1
5 11 1
5 12 1
5 13 1
5 14 1
5 15 1
5 17 1
5 20 1
5 21 1
5 23 1
5 24 1
5 26 1
7 8 1
7 9 1
7 11 1
8 9 1
8 10 1
8 11 1
8 22 1
8 23 1
8 24 1
8 25 1
8 28 1
9 11 1
9 18 1
9 20 1
9 22 1
9 24 1
9 25 1
9 26 1
9 27 1
9 28 1
10 11 1
10 18 1
10 22 1
10 24 1
10 25 1
10 26 1
10 28 1
11 18 1
11 20 1
11 24 1
11 25 1
11 26 1
11 28 1
13 14 1
13 15 1
13 16 1
13 17 1
13 20 1
13 21 1
13 24 1
14 18 1
14 21 1
14 28 1
14 29 1
15 16 1
15 17 1
15 18 1
15 20 1
15 21 1
15 28 1
15 29 1
16 19 1
16 20 1
16 21 1
16 27 1
16 28 1
16 29 1
16 30 1
16 31 1
16 42 1
16 51 1
16 55 1
16 56 1
16 57 1
17 20 1
17 21 1
17 30 1
17 31 1
17 42 1
17 51 1
17 55 1
17 56 1
17 57 1
18 19 1
18 20 1
18 21 1
18 27 1
18 28 1
18 29 1
18 39 1
18 47 1
18 60 1
18 68 1
18 69 1
18 70 1
19 20 1
19 21 1
19 27 1
19 29 1
19 30 1
19 31 1
19 47 1
19 53 1
19 60 1
19 66 1
19 67 1
19 68 1
19 69 1
19 70 1
20 24 1
20 27 1
20 29 1
20 30 1
20 31 1
20 36 1
20 39 1
20 47 1
20 48 1
20 57 1
20 67 1
20 68 1
20 69 1
21 27 1
21 29 1
21 30 1
21 31 1
21 39 1
21 47 1
21 48 1
21 57 1
21 67 1
21 68 1
21 69 1
22 23 1
22 24 1
22 25 1
22 26 1
22 27 1
22 28 1
23 26 1
24 25 1
24 26 1
24 27 1
24 28 1
24 29 1
24 36 1
24 38 1
24 39 1
24 44 1
24 45 1
24 47 1
24 48 1
24 53 1
24 54 1
24 57 1
25 28 1
26 27 1
26 28 1
26 29 1
27 28 1
27 29 1
27 30 1
27 39 1
27 45 1
27 47 1
27 48 1
27 49 1
27 53 1
27 54 1
28 29 1
28 39 1
28 44 1
28 48 1
28 60 1
28 69 1
28 70 1
29 30 1
29 31 1
29 39 1
29 44 1
29 45 1
29 47 1
29 48 1
29 49 1
29 53 1
29 55 1
29 68 1
29 69 1
30 31 1
30 39 1
30 41 1
30 57 1
30 66 1
30 67 1
31 39 1
31 42 1
31 47 1
31 48 1
31 49 1
31 51 1
31 55 1
31 57 1
31 58 1
31 66 1
31 67 1
31 68 1
32 34 1
32 35 1
33 34 1
33 35 1
33 38 1
34 35 1
34 36 1
34 38 1
34 39 1
35 36 1
35 38 1
35 39 1
35 43 1
35 45 1
36 37 1
36 38 1
36 39 1
36 43 1
36 44 1
36 45 1
36 46 1
36 60 1
36 69 1
36 70 1
37 38 1
37 39 1
37 40 1
37 70 1
38 39 1
38 40 1
38 41 1
38 43 1
38 44 1
38 46 1
38 58 1
38 70 1
39 40 1
39 42 1
39 43 1
39 44 1
39 46 1
39 47 1
39 48 1
39 49 1
39 54 1
39 55 1
39 56 1
39 70 1
40 41 1
40 70 1
41 42 1
41 70 1
42 48 1
42 57 1
42 58 1
42 66 1
42 67 1
42 68 1
43 44 1
44 46 1
44 48 1
44 53 1
44 54 1
44 55 1
44 58 1
44 70 1
46 60 1
46 69 1
46 70 1
47 48 1
47 49 1
47 50 1
47 60 1
47 69 1
47 70 1
48 49 1
48 50 1
48 70 1
49 50 1
49 68 1
49 69 1
50 66 1
50 67 1
51 66 1
51 67 1
53 55 1
53 57 1
53 68 1
53 69 1
55 57 1
55 66 1
55 67 1
57 66 1
57 67 1
59 62 1
59 63 1
59 68 1
59 69 1
60 62 1
60 63 1
60 64 1
60 65 1
60 69 1
60 70 1
61 62 1
61 65 1
61 70 1
62 64 1
63 64 1
63 66 1
63 67 1
63 69 1
64 65 1
64 69 1
64 70 1
65 70 1
66 67 1
66 68 1
66 69 1
66 70 1
67 68 1
67 70 1
68 70 1
69 70 1
